# Version 1
# ErrorCorrection MEDIUM
# MaskPattern MASK000
# Content: "Hallo"
# ██████████████░░░░░░██░░██░░██████████████
# ██░░░░░░░░░░██░░████████░░░░██░░░░░░░░░░██
# ██░░██████░░██░░░░░░██░░██░░██░░██████░░██
# ██░░██████░░██░░░░██░░░░██░░██░░██████░░██
# ██░░██████░░██░░██████░░██░░██░░██████░░██
# ██░░░░░░░░░░██░░░░████░░██░░██░░░░░░░░░░██
# ██████████████░░██░░██░░██░░██████████████
# ░░░░░░░░░░░░░░░░░░██░░████░░░░░░░░░░░░░░░░
# ██░░██░░██░░██░░░░░░████░░░░░░░░██░░░░██░░
# ████░░████░░░░░░░░██░░░░░░░░██░░░░██░░████
# ██░░██░░░░░░██░░██░░██░░██░░░░░░██████████
# ████████░░██░░░░██░░██░░░░░░██░░░░░░░░██░░
# ██████████░░██░░░░░░░░░░██░░██░░██░░░░░░░░
# ░░░░░░░░░░░░░░░░████░░██░░██░░██░░░░████░░
# ██████████████░░░░██░░██░░██████░░░░██████
# ██░░░░░░░░░░██░░░░░░████████░░████░░░░░░░░
# ██░░██████░░██░░████████░░██████░░░░░░████
# ██░░██████░░██░░░░████░░░░░░████░░░░████░░
# ██░░██████░░██░░██████░░██░░░░░░██░░██░░██
# ██░░░░░░░░░░██░░░░░░██░░░░░░██░░██░░░░██░░
# ██████████████░░██░░██░░██░░████░░░░░░████

 1 1 1 1 1 1 1 0 0 0 1 0 1 0 1 1 1 1 1 1 1
 1 0 0 0 0 0 1 0 1 1 1 1 0 0 1 0 0 0 0 0 1
 1 0 1 1 1 0 1 0 0 0 1 0 1 0 1 0 1 1 1 0 1
 1 0 1 1 1 0 1 0 0 1 0 0 1 0 1 0 1 1 1 0 1
 1 0 1 1 1 0 1 0 1 1 1 0 1 0 1 0 1 1 1 0 1
 1 0 0 0 0 0 1 0 0 1 1 0 1 0 1 0 0 0 0 0 1
 1 1 1 1 1 1 1 0 1 0 1 0 1 0 1 1 1 1 1 1 1
 0 0 0 0 0 0 0 0 0 1 0 1 1 0 0 0 0 0 0 0 0
 1 0 1 0 1 0 1 0 0 0 1 1 0 0 0 0 1 0 0 1 0
 1 1 0 1 1 0 0 0 0 1 0 0 0 0 1 0 0 1 0 1 1
 1 0 1 0 0 0 1 0 1 0 1 0 1 0 0 0 1 1 1 1 1
 1 1 1 1 0 1 0 0 1 0 1 0 0 0 1 0 0 0 0 1 0
 1 1 1 1 1 0 1 0 0 0 0 0 1 0 1 0 1 0 0 0 0
 0 0 0 0 0 0 0 0 1 1 0 1 0 1 0 1 0 0 1 1 0
 1 1 1 1 1 1 1 0 0 1 0 1 0 1 1 1 0 0 1 1 1
 1 0 0 0 0 0 1 0 0 0 1 1 1 1 0 1 1 0 0 0 0
 1 0 1 1 1 0 1 0 1 1 1 1 0 1 1 1 0 0 0 1 1
 1 0 1 1 1 0 1 0 0 1 1 0 0 0 1 1 0 0 1 1 0
 1 0 1 1 1 0 1 0 1 1 1 0 1 0 0 0 1 0 1 0 1
 1 0 0 0 0 0 1 0 0 0 1 0 0 0 1 0 1 0 0 1 0
 1 1 1 1 1 1 1 0 1 0 1 0 1 0 1 1 0 0 0 1 1
