# Version 4
# ErrorCorrection QUARTILE
# MaskPattern MASK011
# Content: "https://wuecampus2.uni-wuerzburg.de/moodle/"
# ██████████████░░░░████████░░░░░░██░░██████░░░░██░░░░██████████████
# ██░░░░░░░░░░██░░████░░░░██░░░░░░████░░░░██░░██████░░██░░░░░░░░░░██
# ██░░██████░░██░░██░░░░████████████░░██░░██░░░░░░░░░░██░░██████░░██
# ██░░██████░░██░░░░░░██░░██░░██░░██░░████░░░░██░░██░░██░░██████░░██
# ██░░██████░░██░░░░████░░░░██░░░░░░░░██░░░░██░░░░██░░██░░██████░░██
# ██░░░░░░░░░░██░░░░████░░░░░░██████░░░░░░░░░░░░░░██░░██░░░░░░░░░░██
# ██████████████░░██░░██░░██░░██░░██░░██░░██░░██░░██░░██████████████
# ░░░░░░░░░░░░░░░░░░████░░░░████░░████████░░░░██░░██░░░░░░░░░░░░░░░░
# ░░██████░░████░░░░░░░░░░██░░████░░██░░░░░░██░░██░░░░░░░░░░░░████░░
# ████░░░░██░░░░██████░░██████░░████████████░░████░░░░████░░████░░██
# ██░░░░░░░░░░████░░░░██░░████░░░░██░░██░░░░████████░░████████░░████
# ██░░████░░██░░████░░██████████░░████░░████░░░░██░░██████░░██░░░░░░
# ████░░██░░██████░░░░░░██░░████████░░░░░░░░░░██░░████░░░░████░░██░░
# ████░░██░░██░░██░░████████░░████░░██░░░░██░░░░░░░░░░░░██░░░░░░██░░
# ░░░░░░░░░░████░░██████░░██░░████████░░████░░██░░██░░████████░░░░░░
# ░░░░░░██░░██░░██░░████░░██░░░░██░░░░████████░░░░░░████░░░░████░░░░
# ██░░██░░██████░░████░░████░░░░████░░░░██░░██████░░████░░██░░██░░░░
# ░░░░░░██░░██░░░░░░░░████░░██░░██░░████░░████░░████░░██░░████░░░░██
# ░░░░██░░░░████░░████░░████░░░░████░░░░░░░░░░██░░░░██░░████░░████░░
# ░░░░░░████░░░░░░████░░░░████████░░░░░░██░░░░████████░░░░██░░░░██░░
# ░░██████░░████░░██░░██░░░░████░░░░░░██░░░░██░░░░░░██░░██░░████░░░░
# ██░░░░░░░░██░░░░██░░████░░░░░░████░░░░██░░██░░██░░░░██░░░░░░██░░██
# ░░░░░░████░░██░░██░░░░░░░░░░██░░████░░░░░░░░████░░████░░██████████
# ░░██░░░░██░░░░░░░░████░░████░░░░██████████░░░░░░██░░██░░████░░░░██
# ██░░██░░░░░░██████░░██████████████░░██░░░░░░██░░████████████░░░░██
# ░░░░░░░░░░░░░░░░██░░░░░░░░██░░████░░██████░░██████░░░░░░████░░██░░
# ██████████████░░░░░░████░░██████░░░░████░░░░░░████░░██░░██░░░░░░░░
# ██░░░░░░░░░░██░░████░░░░████░░██████░░██░░██░░████░░░░░░████████░░
# ██░░██████░░██░░░░██████░░██░░░░████░░░░██████████████████░░████░░
# ██░░██████░░██░░████░░██░░████░░██░░██░░██░░████░░░░░░██░░░░██████
# ██░░██████░░██░░████░░░░██░░██░░██████░░░░░░░░██████████░░░░░░░░░░
# ██░░░░░░░░░░██░░██░░████░░░░░░░░██░░██░░░░░░████████░░████░░░░░░██
# ██████████████░░░░██████████████░░██░░░░████████░░████░░██░░██░░░░

 1 1 1 1 1 1 1 0 0 1 1 1 1 0 0 0 1 0 1 1 1 0 0 1 0 0 1 1 1 1 1 1 1
 1 0 0 0 0 0 1 0 1 1 0 0 1 0 0 0 1 1 0 0 1 0 1 1 1 0 1 0 0 0 0 0 1
 1 0 1 1 1 0 1 0 1 0 0 1 1 1 1 1 1 0 1 0 1 0 0 0 0 0 1 0 1 1 1 0 1
 1 0 1 1 1 0 1 0 0 0 1 0 1 0 1 0 1 0 1 1 0 0 1 0 1 0 1 0 1 1 1 0 1
 1 0 1 1 1 0 1 0 0 1 1 0 0 1 0 0 0 0 1 0 0 1 0 0 1 0 1 0 1 1 1 0 1
 1 0 0 0 0 0 1 0 0 1 1 0 0 0 1 1 1 0 0 0 0 0 0 0 1 0 1 0 0 0 0 0 1
 1 1 1 1 1 1 1 0 1 0 1 0 1 0 1 0 1 0 1 0 1 0 1 0 1 0 1 1 1 1 1 1 1
 0 0 0 0 0 0 0 0 0 1 1 0 0 1 1 0 1 1 1 1 0 0 1 0 1 0 0 0 0 0 0 0 0
 0 1 1 1 0 1 1 0 0 0 0 0 1 0 1 1 0 1 0 0 0 1 0 1 0 0 0 0 0 0 1 1 0
 1 1 0 0 1 0 0 1 1 1 0 1 1 1 0 1 1 1 1 1 1 0 1 1 0 0 1 1 0 1 1 0 1
 1 0 0 0 0 0 1 1 0 0 1 0 1 1 0 0 1 0 1 0 0 1 1 1 1 0 1 1 1 1 0 1 1
 1 0 1 1 0 1 0 1 1 0 1 1 1 1 1 0 1 1 0 1 1 0 0 1 0 1 1 1 0 1 0 0 0
 1 1 0 1 0 1 1 1 0 0 0 1 0 1 1 1 1 0 0 0 0 0 1 0 1 1 0 0 1 1 0 1 0
 1 1 0 1 0 1 0 1 0 1 1 1 1 0 1 1 0 1 0 0 1 0 0 0 0 0 0 1 0 0 0 1 0
 0 0 0 0 0 1 1 0 1 1 1 0 1 0 1 1 1 1 0 1 1 0 1 0 1 0 1 1 1 1 0 0 0
 0 0 0 1 0 1 0 1 0 1 1 0 1 0 0 1 0 0 1 1 1 1 0 0 0 1 1 0 0 1 1 0 0
 1 0 1 0 1 1 1 0 1 1 0 1 1 0 0 1 1 0 0 1 0 1 1 1 0 1 1 0 1 0 1 0 0
 0 0 0 1 0 1 0 0 0 0 1 1 0 1 0 1 0 1 1 0 1 1 0 1 1 0 1 0 1 1 0 0 1
 0 0 1 0 0 1 1 0 1 1 0 1 1 0 0 1 1 0 0 0 0 0 1 0 0 1 0 1 1 0 1 1 0
 0 0 0 1 1 0 0 0 1 1 0 0 1 1 1 1 0 0 0 1 0 0 1 1 1 1 0 0 1 0 0 1 0
 0 1 1 1 0 1 1 0 1 0 1 0 0 1 1 0 0 0 1 0 0 1 0 0 0 1 0 1 0 1 1 0 0
 1 0 0 0 0 1 0 0 1 0 1 1 0 0 0 1 1 0 0 1 0 1 0 1 0 0 1 0 0 0 1 0 1
 0 0 0 1 1 0 1 0 1 0 0 0 0 0 1 0 1 1 0 0 0 0 1 1 0 1 1 0 1 1 1 1 1
 0 1 0 0 1 0 0 0 0 1 1 0 1 1 0 0 1 1 1 1 1 0 0 0 1 0 1 0 1 1 0 0 1
 1 0 1 0 0 0 1 1 1 0 1 1 1 1 1 1 1 0 1 0 0 0 1 0 1 1 1 1 1 1 0 0 1
 0 0 0 0 0 0 0 0 1 0 0 0 0 1 0 1 1 0 1 1 1 0 1 1 1 0 0 0 1 1 0 1 0
 1 1 1 1 1 1 1 0 0 0 1 1 0 1 1 1 0 0 1 1 0 0 0 1 1 0 1 0 1 0 0 0 0
 1 0 0 0 0 0 1 0 1 1 0 0 1 1 0 1 1 1 0 1 0 1 0 1 1 0 0 0 1 1 1 1 0
 1 0 1 1 1 0 1 0 0 1 1 1 0 1 0 0 1 1 0 0 1 1 1 1 1 1 1 1 1 0 1 1 0
 1 0 1 1 1 0 1 0 1 1 0 1 0 1 1 0 1 0 1 0 1 0 1 1 0 0 0 1 0 0 1 1 1
 1 0 1 1 1 0 1 0 1 1 0 0 1 0 1 0 1 1 1 0 0 0 0 1 1 1 1 1 0 0 0 0 0
 1 0 0 0 0 0 1 0 1 0 1 1 0 0 0 0 1 0 1 0 0 0 1 1 1 1 0 1 1 0 0 0 1
 1 1 1 1 1 1 1 0 0 1 1 1 1 1 1 1 0 1 0 0 1 1 1 1 0 1 1 0 1 0 1 0 0
