# Version 5
# ErrorCorrection HIGH
# MaskPattern MASK001
# Content: "https://wuecampus2.uni-wuerzburg.de/moodle/"
# ██████████████░░░░░░░░████░░██░░██████░░░░██░░████████░░██░░██████████████
# ██░░░░░░░░░░██░░██░░████░░░░░░██░░██░░░░██░░░░░░░░██░░░░░░░░██░░░░░░░░░░██
# ██░░██████░░██░░██████░░░░██░░░░░░████████░░░░████████░░██░░██░░██████░░██
# ██░░██████░░██░░██░░░░██░░████░░██████░░░░░░████░░████░░░░░░██░░██████░░██
# ██░░██████░░██░░████░░██░░░░░░████░░░░██░░████░░░░░░░░░░██░░██░░██████░░██
# ██░░░░░░░░░░██░░██████░░░░████░░██░░████░░░░██░░░░░░██░░██░░██░░░░░░░░░░██
# ██████████████░░██░░██░░██░░██░░██░░██░░██░░██░░██░░██░░██░░██████████████
# ░░░░░░░░░░░░░░░░░░██████░░░░░░██░░░░████░░░░████░░░░░░████░░░░░░░░░░░░░░░░
# ░░░░██░░░░██████████████░░░░░░██░░██░░░░████░░░░██░░░░░░████░░██████████░░
# ░░░░░░░░██░░░░██░░░░██░░░░████░░░░░░░░██░░██░░██░░██░░████░░████░░██░░░░██
# ░░░░░░░░░░████████░░░░████████████░░██░░░░██░░░░░░░░░░████████░░██████████
# ████████░░██░░████████░░████████████░░████░░██████░░██░░██░░░░██████░░██░░
# ░░██░░██░░░░████░░░░██████░░░░░░░░████░░████░░██░░░░░░████░░████░░██░░██░░
# ██████████░░░░██░░░░░░░░██░░░░░░░░██░░░░░░░░░░██████████████████░░░░██░░██
# ████░░░░██████████░░░░██░░░░████░░░░████░░████░░░░░░░░████████░░██████░░██
# ░░██░░██░░░░░░░░░░░░░░██░░████████████░░░░████████░░░░██░░░░░░██░░██░░██░░
# ██░░░░██░░░░██████░░░░██░░░░██░░░░░░░░░░░░░░██░░██░░░░░░░░░░██░░░░░░░░░░██
# ░░░░██░░░░██░░░░████░░░░░░██░░░░░░██░░████░░░░░░██░░████░░██████░░░░░░░░██
# ████████░░████░░██████░░██░░░░██████░░░░████░░░░████░░██░░░░██░░██░░░░░░██
# ░░██░░░░░░░░░░░░████████░░░░██████████████░░░░██░░░░████░░██░░██████░░████
# ████░░██░░██████░░██░░░░████████░░██░░██████████░░░░░░████░░██░░░░██░░██░░
# ██░░████████░░████░░████░░██░░██████░░██░░░░████░░░░████░░██████░░████░░██
# ██████████░░████░░██░░░░░░██░░░░░░████░░██████░░████░░████░░░░████░░██░░██
# ░░████████░░░░░░░░██████░░████░░██░░░░░░██████░░██░░████░░██████░░██░░░░██
# ░░██░░░░██░░████░░██░░████████████░░░░██████░░░░██░░██░░██░░████░░░░░░░░░░
# ░░████░░████░░░░██████████████░░░░██░░░░██████░░██░░░░████░░████░░██░░░░██
# ████░░░░██████░░░░░░██████░░░░████░░░░██░░░░░░░░██░░░░██░░████░░░░░░██░░██
# ░░░░████░░██░░████░░██░░░░██░░████░░██░░░░░░░░████░░██████████████░░░░░░██
# ██████░░░░████░░██░░██░░██████░░██░░░░░░██░░██░░██░░░░░░████████████░░░░░░
# ░░░░░░░░░░░░░░░░██░░░░████░░░░░░░░██████████░░██░░░░██████░░░░░░████░░░░██
# ██████████████░░████░░░░░░░░████░░████░░░░░░████░░██░░░░██░░██░░██████░░██
# ██░░░░░░░░░░██░░████░░░░██░░░░██░░██░░░░██░░░░████░░██████░░░░░░████░░██░░
# ██░░██████░░██░░░░░░░░░░██████████░░██░░████░░████░░░░████████████░░░░░░██
# ██░░██████░░██░░░░██░░██░░░░████████░░░░██░░██░░░░░░░░░░██░░░░████░░░░░░██
# ██░░██████░░██░░██░░░░░░██░░██░░░░██████████░░██░░░░██████░░░░░░██░░██████
# ██░░░░░░░░░░██░░░░██░░██░░██░░░░░░░░░░░░████░░████░░░░██████░░██████░░░░░░
# ██████████████░░░░██░░░░██░░░░░░██░░░░██░░████░░██░░░░░░██░░██░░████░░░░██

 1 1 1 1 1 1 1 0 0 0 0 1 1 0 1 0 1 1 1 0 0 1 0 1 1 1 1 0 1 0 1 1 1 1 1 1 1
 1 0 0 0 0 0 1 0 1 0 1 1 0 0 0 1 0 1 0 0 1 0 0 0 0 1 0 0 0 0 1 0 0 0 0 0 1
 1 0 1 1 1 0 1 0 1 1 1 0 0 1 0 0 0 1 1 1 1 0 0 1 1 1 1 0 1 0 1 0 1 1 1 0 1
 1 0 1 1 1 0 1 0 1 0 0 1 0 1 1 0 1 1 1 0 0 0 1 1 0 1 1 0 0 0 1 0 1 1 1 0 1
 1 0 1 1 1 0 1 0 1 1 0 1 0 0 0 1 1 0 0 1 0 1 1 0 0 0 0 0 1 0 1 0 1 1 1 0 1
 1 0 0 0 0 0 1 0 1 1 1 0 0 1 1 0 1 0 1 1 0 0 1 0 0 0 1 0 1 0 1 0 0 0 0 0 1
 1 1 1 1 1 1 1 0 1 0 1 0 1 0 1 0 1 0 1 0 1 0 1 0 1 0 1 0 1 0 1 1 1 1 1 1 1
 0 0 0 0 0 0 0 0 0 1 1 1 0 0 0 1 0 0 1 1 0 0 1 1 0 0 0 1 1 0 0 0 0 0 0 0 0
 0 0 1 0 0 1 1 1 1 1 1 1 0 0 0 1 0 1 0 0 1 1 0 0 1 0 0 0 1 1 0 1 1 1 1 1 0
 0 0 0 0 1 0 0 1 0 0 1 0 0 1 1 0 0 0 0 1 0 1 0 1 0 1 0 1 1 0 1 1 0 1 0 0 1
 0 0 0 0 0 1 1 1 1 0 0 1 1 1 1 1 1 0 1 0 0 1 0 0 0 0 0 1 1 1 1 0 1 1 1 1 1
 1 1 1 1 0 1 0 1 1 1 1 0 1 1 1 1 1 1 0 1 1 0 1 1 1 0 1 0 1 0 0 1 1 1 0 1 0
 0 1 0 1 0 0 1 1 0 0 1 1 1 0 0 0 0 1 1 0 1 1 0 1 0 0 0 1 1 0 1 1 0 1 0 1 0
 1 1 1 1 1 0 0 1 0 0 0 0 1 0 0 0 0 1 0 0 0 0 0 1 1 1 1 1 1 1 1 1 0 0 1 0 1
 1 1 0 0 1 1 1 1 1 0 0 1 0 0 1 1 0 0 1 1 0 1 1 0 0 0 0 1 1 1 1 0 1 1 1 0 1
 0 1 0 1 0 0 0 0 0 0 0 1 0 1 1 1 1 1 1 0 0 1 1 1 1 0 0 1 0 0 0 1 0 1 0 1 0
 1 0 0 1 0 0 1 1 1 0 0 1 0 0 1 0 0 0 0 0 0 0 1 0 1 0 0 0 0 0 1 0 0 0 0 0 1
 0 0 1 0 0 1 0 0 1 1 0 0 0 1 0 0 0 1 0 1 1 0 0 0 1 0 1 1 0 1 1 1 0 0 0 0 1
 1 1 1 1 0 1 1 0 1 1 1 0 1 0 0 1 1 1 0 0 1 1 0 0 1 1 0 1 0 0 1 0 1 0 0 0 1
 0 1 0 0 0 0 0 0 1 1 1 1 0 0 1 1 1 1 1 1 1 0 0 1 0 0 1 1 0 1 0 1 1 1 0 1 1
 1 1 0 1 0 1 1 1 0 1 0 0 1 1 1 1 0 1 0 1 1 1 1 1 0 0 0 1 1 0 1 0 0 1 0 1 0
 1 0 1 1 1 1 0 1 1 0 1 1 0 1 0 1 1 1 0 1 0 0 1 1 0 0 1 1 0 1 1 1 0 1 1 0 1
 1 1 1 1 1 0 1 1 0 1 0 0 0 1 0 0 0 1 1 0 1 1 1 0 1 1 0 1 1 0 0 1 1 0 1 0 1
 0 1 1 1 1 0 0 0 0 1 1 1 0 1 1 0 1 0 0 0 1 1 1 0 1 0 1 1 0 1 1 1 0 1 0 0 1
 0 1 0 0 1 0 1 1 0 1 0 1 1 1 1 1 1 0 0 1 1 1 0 0 1 0 1 0 1 0 1 1 0 0 0 0 0
 0 1 1 0 1 1 0 0 1 1 1 1 1 1 1 0 0 1 0 0 1 1 1 0 1 0 0 1 1 0 1 1 0 1 0 0 1
 1 1 0 0 1 1 1 0 0 0 1 1 1 0 0 1 1 0 0 1 0 0 0 0 1 0 0 1 0 1 1 0 0 0 1 0 1
 0 0 1 1 0 1 0 1 1 0 1 0 0 1 0 1 1 0 1 0 0 0 0 1 1 0 1 1 1 1 1 1 1 0 0 0 1
 1 1 1 0 0 1 1 0 1 0 1 0 1 1 1 0 1 0 0 0 1 0 1 0 1 0 0 0 1 1 1 1 1 1 0 0 0
 0 0 0 0 0 0 0 0 1 0 0 1 1 0 0 0 0 1 1 1 1 1 0 1 0 0 1 1 1 0 0 0 1 1 0 0 1
 1 1 1 1 1 1 1 0 1 1 0 0 0 0 1 1 0 1 1 0 0 0 1 1 0 1 0 0 1 0 1 0 1 1 1 0 1
 1 0 0 0 0 0 1 0 1 1 0 0 1 0 0 1 0 1 0 0 1 0 0 1 1 0 1 1 1 0 0 0 1 1 0 1 0
 1 0 1 1 1 0 1 0 0 0 0 0 1 1 1 1 1 0 1 0 1 1 0 1 1 0 0 1 1 1 1 1 1 0 0 0 1
 1 0 1 1 1 0 1 0 0 1 0 1 0 0 1 1 1 1 0 0 1 0 1 0 0 0 0 0 1 0 0 1 1 0 0 0 1
 1 0 1 1 1 0 1 0 1 0 0 0 1 0 1 0 0 1 1 1 1 1 0 1 0 0 1 1 1 0 0 0 1 0 1 1 1
 1 0 0 0 0 0 1 0 0 1 0 1 0 1 0 0 0 0 0 0 1 1 0 1 1 0 0 1 1 1 0 1 1 1 0 0 0
 1 1 1 1 1 1 1 0 0 1 0 0 1 0 0 0 1 0 0 1 0 1 1 0 1 0 0 0 1 0 1 0 1 1 0 0 1
