# Created by Octave 4.0.0, Sat Jan 14 17:06:23 2017 Mitteleuropäische Zeit <unknown@Anna-PC>
# name: croppedImg
# type: bool matrix
# rows: 25
# columns: 25
 1 1 1 1 1 1 1 0 1 1 1 1 0 0 1 1 1 0 1 1 0 0 1 1 1
 1 0 0 0 0 0 1 0 0 0 1 1 1 0 0 1 1 0 1 1 1 1 0 0 1
 1 0 1 1 1 0 1 0 1 1 1 0 1 1 0 1 0 0 0 0 1 1 1 0 1
 1 0 1 1 1 0 1 0 1 1 0 0 0 0 1 1 1 0 1 0 0 0 1 0 1
 1 0 1 1 1 0 1 0 0 0 0 0 0 0 1 0 1 0 1 0 1 1 0 1 0
 1 0 0 0 0 0 1 0 1 1 0 1 1 0 1 0 0 0 1 0 0 0 0 0 1
 1 1 1 1 1 1 1 0 1 0 1 0 1 0 1 0 1 0 1 0 0 1 1 1 1
 0 0 0 0 0 0 0 0 1 0 1 0 1 0 0 0 0 0 0 0 0 0 0 0 0
 1 1 0 1 1 0 0 1 1 0 0 0 0 1 1 1 0 1 1 0 0 0 0 0 1
 0 0 0 0 0 0 1 0 0 0 1 0 1 0 1 0 1 1 0 1 0 0 1 0 1
 1 1 1 0 0 1 1 1 0 1 0 1 1 0 0 1 0 0 1 0 1 1 0 0 1
 1 1 1 0 1 1 0 1 1 0 0 0 0 0 0 0 0 0 0 1 1 1 1 1 1
 1 1 0 1 0 0 1 0 1 1 0 1 0 0 1 0 1 1 1 0 1 0 0 1 0
 1 1 1 1 1 1 1 1 1 0 1 0 0 0 1 1 0 1 0 0 0 1 1 1 1
 0 0 0 1 0 1 0 0 0 1 1 1 0 1 0 1 1 1 1 1 0 0 0 1 1
 0 0 0 0 1 0 0 0 1 0 1 1 0 0 1 1 1 1 0 0 0 0 1 0 0
 1 0 1 0 1 1 1 1 1 1 1 1 1 1 1 0 0 0 1 0 1 0 0 0 1
 0 0 1 1 1 0 0 0 1 0 0 1 0 0 0 0 0 0 0 0 0 0 0 0 0
 1 1 1 1 1 1 1 0 1 0 1 0 1 1 1 0 1 0 0 0 0 1 1 0 1
 1 0 0 0 0 0 1 0 1 1 0 0 1 0 1 1 0 0 0 1 1 1 0 0 1
 1 0 1 1 1 0 1 0 1 0 0 1 0 1 1 1 0 1 1 0 0 0 1 1 1
 1 0 1 1 1 0 1 0 0 1 0 1 1 1 0 1 0 0 1 1 0 0 1 0 1
 1 0 1 1 1 0 1 0 1 1 0 0 0 1 1 0 0 0 1 0 1 0 0 0 1
 1 0 0 0 0 0 1 0 1 0 1 1 1 1 0 0 0 1 1 0 0 1 1 0 1
 1 1 1 1 1 1 1 0 1 1 1 0 1 0 1 0 1 0 1 0 0 0 1 0 1


